1 1 85421
1 2 19323
1 3 71113
1 4 41815
1 5 27891
1 6 61533
1 7 47476
1 8 36852
1 9 24813
1 10 54423
1 11 42428
1 12 96885
1 13 47778
1 14 65871
1 15 55697
1 16 64562
1 17 91639
1 18 99652
1 19 53144
1 20 45436
1 21 46825
1 22 76176
1 23 54847
1 24 84845
1 25 56452
1 26 46296
1 27 16395
1 28 55623
1 29 81811
1 30 94136
1 31 65992
1 32 49942
1 33 41115
1 34 96431
1 35 94854
1 36 17884
1 37 34385
1 38 86469
1 39 82256
1 40 19894
1 41 44772
1 42 37591
1 43 28347
1 44 58976
1 45 35613
1 46 89944
1 47 97778
1 48 28865
1 49 56864
1 50 39732
1 51 96487
1 52 46894
1 53 28877
1 54 59453
1 55 24976
1 56 84518
1 57 49926
1 58 76899
1 59 73354
1 60 71213
1 61 88598
1 62 11567
1 63 79732
1 64 62289
1 65 65758
1 66 55936
1 67 51781
1 68 96991
1 69 33133
1 70 69766
1 71 16449
1 72 42735
1 73 39828
1 74 36611
1 75 12537
1 76 71552
1 77 79684
1 78 57619
1 79 14941
1 80 96298
1 81 89665
1 82 64113
1 83 42612
1 84 76591
1 85 25283
1 86 81173
1 87 78823
1 88 59961
1 89 83361
1 90 75763
1 91 13653
1 92 71759
1 93 13364
1 94 66964
1 95 67993
1 96 61884
1 97 96947
1 98 37974
1 99 15111
1 100 73995
1 101 76351
1 102 95486
1 103 15998
1 104 15647
1 105 63672
1 106 67615
1 107 19229
1 108 35267
1 109 58572
1 110 13921
1 111 17561
1 112 92151
1 113 78838
1 114 85991
1 115 33165
1 116 79751
1 117 77461
1 118 91257
1 119 24674
1 120 44967
1 121 99931
1 122 98766
1 123 94186
1 124 89217
1 125 41363
1 126 19618
1 127 25752
1 128 42492
1 129 78162
1 130 68598
1 131 31714
1 132 42957
1 133 63786
1 134 15495
1 135 27917
1 136 21483
1 137 97147
1 138 85522
1 139 51956
1 140 29484
1 141 95816
1 142 45123
1 143 61119
1 144 99189
1 145 12493
1 146 74382
1 147 16629
1 148 29299
1 149 62435
1 150 36637
1 151 65954
1 152 65662
1 153 89451
1 154 42558
1 155 74348
1 156 94241
1 157 14968
1 158 29549
1 159 92977
1 160 46116
1 161 68198
1 162 14885
1 163 14317
1 164 67746
1 165 27591
1 166 67118
1 167 41762
1 168 21781
1 169 11392
1 170 15599
1 171 18774
1 172 54662
1 173 27993
1 174 75851
1 175 62188
1 176 94849
1 177 39295
1 178 19683
1 179 21195
1 180 96619
1 181 99916
1 182 23424
1 183 34279
1 184 89727
1 185 84652
1 186 44585
1 187 25235
1 188 52362
1 189 23989
1 190 13296
1 191 17641
1 192 76922
1 193 18244
1 194 63313
1 195 11282
1 196 67632
1 197 22594
1 198 54867
1 199 84787
1 200 72857
